correct/correct4.pm0
PM/0 code:

  0  INC         6  
  1  IN       
  2  STO    0    4  
  3  IN       
  4  STO    0    5  
  5  LOD    0    4  
  6  LOD    0    5  
  7  LSS            
  8  JPC        16  
  9  LOD    0    4  
 10  OUT      
 11  LOD    0    4  
 12  LIT         1  
 13  ADD            
 14  STO    0    4  
 15  JMP         5  
 16  HLT            

Execution:
                      pc   bp   sp   stack
                       0    1    0   
  0  INC         6     1    1    6   0 0 0 0 0 0 
  1  IN       Input:    2            2    1    7   0 0 0 0 0 0 2 
  2  STO    0    4     3    1    6   0 0 0 0 2 0 
  3  IN       Input:    8            4    1    7   0 0 0 0 2 0 8 
  4  STO    0    5     5    1    6   0 0 0 0 2 8 
  5  LOD    0    4     6    1    7   0 0 0 0 2 8 2 
  6  LOD    0    5     7    1    8   0 0 0 0 2 8 2 8 
  7  LSS               8    1    7   0 0 0 0 2 8 1 
  8  JPC        16     9    1    6   0 0 0 0 2 8 
  9  LOD    0    4    10    1    7   0 0 0 0 2 8 2 
 10  OUT      
Output:   2           11    1    6   0 0 0 0 2 8 
 11  LOD    0    4    12    1    7   0 0 0 0 2 8 2 
 12  LIT         1    13    1    8   0 0 0 0 2 8 2 1 
 13  ADD              14    1    7   0 0 0 0 2 8 3 
 14  STO    0    4    15    1    6   0 0 0 0 3 8 
 15  JMP         5     5    1    6   0 0 0 0 3 8 
  5  LOD    0    4     6    1    7   0 0 0 0 3 8 3 
  6  LOD    0    5     7    1    8   0 0 0 0 3 8 3 8 
  7  LSS               8    1    7   0 0 0 0 3 8 1 
  8  JPC        16     9    1    6   0 0 0 0 3 8 
  9  LOD    0    4    10    1    7   0 0 0 0 3 8 3 
 10  OUT      
Output:   3           11    1    6   0 0 0 0 3 8 
 11  LOD    0    4    12    1    7   0 0 0 0 3 8 3 
 12  LIT         1    13    1    8   0 0 0 0 3 8 3 1 
 13  ADD              14    1    7   0 0 0 0 3 8 4 
 14  STO    0    4    15    1    6   0 0 0 0 4 8 
 15  JMP         5     5    1    6   0 0 0 0 4 8 
  5  LOD    0    4     6    1    7   0 0 0 0 4 8 4 
  6  LOD    0    5     7    1    8   0 0 0 0 4 8 4 8 
  7  LSS               8    1    7   0 0 0 0 4 8 1 
  8  JPC        16     9    1    6   0 0 0 0 4 8 
  9  LOD    0    4    10    1    7   0 0 0 0 4 8 4 
 10  OUT      
Output:   4           11    1    6   0 0 0 0 4 8 
 11  LOD    0    4    12    1    7   0 0 0 0 4 8 4 
 12  LIT         1    13    1    8   0 0 0 0 4 8 4 1 
 13  ADD              14    1    7   0 0 0 0 4 8 5 
 14  STO    0    4    15    1    6   0 0 0 0 5 8 
 15  JMP         5     5    1    6   0 0 0 0 5 8 
  5  LOD    0    4     6    1    7   0 0 0 0 5 8 5 
  6  LOD    0    5     7    1    8   0 0 0 0 5 8 5 8 
  7  LSS               8    1    7   0 0 0 0 5 8 1 
  8  JPC        16     9    1    6   0 0 0 0 5 8 
  9  LOD    0    4    10    1    7   0 0 0 0 5 8 5 
 10  OUT      
Output:   5           11    1    6   0 0 0 0 5 8 
 11  LOD    0    4    12    1    7   0 0 0 0 5 8 5 
 12  LIT         1    13    1    8   0 0 0 0 5 8 5 1 
 13  ADD              14    1    7   0 0 0 0 5 8 6 
 14  STO    0    4    15    1    6   0 0 0 0 6 8 
 15  JMP         5     5    1    6   0 0 0 0 6 8 
  5  LOD    0    4     6    1    7   0 0 0 0 6 8 6 
  6  LOD    0    5     7    1    8   0 0 0 0 6 8 6 8 
  7  LSS               8    1    7   0 0 0 0 6 8 1 
  8  JPC        16     9    1    6   0 0 0 0 6 8 
  9  LOD    0    4    10    1    7   0 0 0 0 6 8 6 
 10  OUT      
Output:   6           11    1    6   0 0 0 0 6 8 
 11  LOD    0    4    12    1    7   0 0 0 0 6 8 6 
 12  LIT         1    13    1    8   0 0 0 0 6 8 6 1 
 13  ADD              14    1    7   0 0 0 0 6 8 7 
 14  STO    0    4    15    1    6   0 0 0 0 7 8 
 15  JMP         5     5    1    6   0 0 0 0 7 8 
  5  LOD    0    4     6    1    7   0 0 0 0 7 8 7 
  6  LOD    0    5     7    1    8   0 0 0 0 7 8 7 8 
  7  LSS               8    1    7   0 0 0 0 7 8 1 
  8  JPC        16     9    1    6   0 0 0 0 7 8 
  9  LOD    0    4    10    1    7   0 0 0 0 7 8 7 
 10  OUT      
Output:   7           11    1    6   0 0 0 0 7 8 
 11  LOD    0    4    12    1    7   0 0 0 0 7 8 7 
 12  LIT         1    13    1    8   0 0 0 0 7 8 7 1 
 13  ADD              14    1    7   0 0 0 0 7 8 8 
 14  STO    0    4    15    1    6   0 0 0 0 8 8 
 15  JMP         5     5    1    6   0 0 0 0 8 8 
  5  LOD    0    4     6    1    7   0 0 0 0 8 8 8 
  6  LOD    0    5     7    1    8   0 0 0 0 8 8 8 8 
  7  LSS               8    1    7   0 0 0 0 8 8 0 
  8  JPC        16    16    1    6   0 0 0 0 8 8 
 16  HLT              17    1    6   0 0 0 0 8 8 
