correct/correct3.pm0
PM/0 code:

  0  INC        10  
  1  IN       
  2  STO    0    9  
  3  LOD    0    9  
  4  LIT         1  
  5  LEQ            
  6  JPC         9  
  7  LOD    0    9  
  8  STO    0    6  
  9  LOD    0    9  
 10  LIT         1  
 11  GTR            
 12  JPC        36  
 13  LIT         1  
 14  STO    0    6  
 15  LIT         1  
 16  STO    0    7  
 17  LIT         2  
 18  STO    0    5  
 19  LOD    0    5  
 20  LOD    0    4  
 21  LSS            
 22  JPC        36  
 23  LOD    0    6  
 24  STO    0    8  
 25  LOD    0    6  
 26  LOD    0    7  
 27  ADD            
 28  STO    0    6  
 29  LOD    0    8  
 30  STO    0    7  
 31  LOD    0    5  
 32  LIT         1  
 33  ADD            
 34  STO    0    5  
 35  JMP        19  
 36  LOD    0    6  
 37  OUT      
 38  HLT            

Execution:
                      pc   bp   sp   stack
                       0    1    0   
  0  INC        10     1    1   10   0 0 0 0 0 0 0 0 0 0 
  1  IN       Input:    2            2    1   11   0 0 0 0 0 0 0 0 0 0 2 
  2  STO    0    9     3    1   10   0 0 0 0 0 0 0 0 0 2 
  3  LOD    0    9     4    1   11   0 0 0 0 0 0 0 0 0 2 2 
  4  LIT         1     5    1   12   0 0 0 0 0 0 0 0 0 2 2 1 
  5  LEQ               6    1   11   0 0 0 0 0 0 0 0 0 2 0 
  6  JPC         9     9    1   10   0 0 0 0 0 0 0 0 0 2 
  9  LOD    0    9    10    1   11   0 0 0 0 0 0 0 0 0 2 2 
 10  LIT         1    11    1   12   0 0 0 0 0 0 0 0 0 2 2 1 
 11  GTR              12    1   11   0 0 0 0 0 0 0 0 0 2 1 
 12  JPC        36    13    1   10   0 0 0 0 0 0 0 0 0 2 
 13  LIT         1    14    1   11   0 0 0 0 0 0 0 0 0 2 1 
 14  STO    0    6    15    1   10   0 0 0 0 0 0 1 0 0 2 
 15  LIT         1    16    1   11   0 0 0 0 0 0 1 0 0 2 1 
 16  STO    0    7    17    1   10   0 0 0 0 0 0 1 1 0 2 
 17  LIT         2    18    1   11   0 0 0 0 0 0 1 1 0 2 2 
 18  STO    0    5    19    1   10   0 0 0 0 0 2 1 1 0 2 
 19  LOD    0    5    20    1   11   0 0 0 0 0 2 1 1 0 2 2 
 20  LOD    0    4    21    1   12   0 0 0 0 0 2 1 1 0 2 2 0 
 21  LSS              22    1   11   0 0 0 0 0 2 1 1 0 2 0 
 22  JPC        36    36    1   10   0 0 0 0 0 2 1 1 0 2 
 36  LOD    0    6    37    1   11   0 0 0 0 0 2 1 1 0 2 1 
 37  OUT      
Output:   1           38    1   10   0 0 0 0 0 2 1 1 0 2 
 38  HLT              39    1   10   0 0 0 0 0 2 1 1 0 2 
